163480
164312
165198
165985
166491
167907
171116
171125
168980
169584
171617
172636
174314
175044
175261
176975
177397
178150
179238
179774
181429
181952
182300
183440
184589
185031
185727
252779
73980
74471
74834
74828
75100
75977
76260
76567
76716
76929
77294
77752
77773
77913
77917
78104
78507
78542
79494
79520
80428
80691
81515
81870
80755
82581
82844
83082
83461
83841
84185
84274
84374
84663
85049
85625
85915
86210
86561
87008
87229
87582
87845
88309
88764
89049
89050
89662
89981
90231
90864
91127
91433
92154
92361
92912
240265
247410
326184
404270
282984
282995
283007
283436
284554
285238
286276
287138
288704
289421
290055
291627
292041
293272
293510
293764
294319
295084
295965
296654
297552
298392
301723
113399
113513
113550
116588
117637
118205
118826
119046
120257
126339
127495
128427
129596
131233
131887
132931
134456
135127
135624
136895
137827
138844
140140
140703
141842
143889
144569
144983
145546
147501
148546
150159
151370
152807
154110
155183
156181
157406
211563
266883
165897
169468
174254
177070
179428
180213
104040
104051
104071
104077
105703
106199
106816
107399
107315
108522
108576
109490
110292
110859
110848
111673
112148
113495
114180
116326
116382
118421
119148
120014
121163
126460
127601
128510
129754
131234
131890
132818
134163
135098
135865
136886
137789
138877
140079
141164
142509
144121
144156
144221
144243
146463
247894
168710
97822
97837
98128
98423
98934
99286
99665
100124
100502
100513
101518
102008
102483
103270
103746
104024
104456
104949
105614
106034
106804
107577
108313
108643
109062
109503
110354
110718
111287
111940
112036
113481
115564
116260
117492
118685
119013
120664
121092
126374
127808
146833
148188
283892
347446
525685
128406
228309
555109
553789
553795
553817
559946
561203
562726
563756
565434
566338
566856
568107
571276
574161
574579
577223
578084
578111
579568
579582
580893
593590
594428
595456
596369
572534
573143
576221
576751
597414
77345
77749
77804
78884
79319
79539
80011
82764
83302
83719
83860
86400
86823
87179
87808
88538
88827
89151
78158
78168
80042
82711
84365
84633
85341
85745
89491
89832
90148
91325
92227
92663
93110
93777
80240
80260
80311
81730
82397
85031
86117
90485
90998
94156
94644
94979
95469
95833
80021
87234
88275
91644
93216
93289
96269
96809
97144
372018
416908
369457
369502
372609
374474
375278
376064
376711
377913
378870
379291
380507
381157
381810
382733
383611
384366
384772
385628
386400
387258
388167
389123
389880
390674
391222
392198
393350
394084
394875
395772
396896
397594
398697
399700
400424
401467
402840
404013
404724
405781
406633
407343
408124
408927
409790
410396
429070
396020
410155
415861
469046
471872
526253
411142
411902
483437
539447
70844
71139
71840
72163
72243
73036
73511
73834
75129
75662
75807
76183
76481
76822
77129
77474
77849
78186
78457
78790
79441
79915
80393
80868
81009
81105
81374
81673
81941
82296
82661
82919
83200
83593
83948
84292
84575
84949
85194
85562
86014
86326
86766
87097
87337
87657
88078
88408
88774
89279
89431
89745
90112
74296
74717
79048
90384
224543
7398
7581
7724
7772
8015
8094
8386
8445
8590
8729
8924
8975
9141
9293
9410
9492
9688
9707
9895
9938
10085
10098
10386
10534
10742
10755
10978
10994
11324
11465
11643
11940
12230
12388
12512
12521
12819
12991
12996
13099
13124
13520
13847
14028
14194
14381
17846
17862
87289
14553
14384
82337
82255
82697
82848
83277
83598
84054
84351
84652
85018
85302
86193
85730
86375
86817
87129
87399
87787
88259
88606
88833
89078
89480
89848
90171
90508
90957
91312
91729
92266
92587
93062
93185
93405
93757
94178
94631
94941
95533
95818
96289
96895
97219
97682
98141
98571
98985
99298
99775
100141
100716
101256
101624
101997
235720
87104
87111
87628
88060
88761
89251
89417
89739
90109
90394
90855
91289
91550
92151
93014
93251
93396
93711
94064
94479
94926
95209
95715
96103
96623
97030
97463
97876
98440
98855
99108
99553
100068
100576
100942
101397
101719
102281
102893
103426
103724
104277
104273
105338
105359
105980
106490
107209
107485
108227
108964
109335
109904
110488
110697
111522
111686
113370
113692
115582
117149
117924
117939
119902
120320
120928
123494
128211
128978
130518
92382
141374
234251
234258
234502
235167
235220
237188
237837
238398
239184
239218
240142
240765
242278
242881
243171
243950
245021
245315
245728
246360
247767
248177
248732
249365
250948
251237
251922
252932
254177
254197
255033
255735
256890
257193
257516
258202
259484
259802
260253
261137
262358
237272
263472
320943
91427
91793
92378
92215
93246
93359
94075
94427
94470
95223
95244
95844
95868
95883
97477
97866
98312
98872
99092
99505
99523
100554
100569
101172
101436
102166
102888
103433
103717
104259
104747
105401
105974
106476
107183
107422
107447
107477
109331
109874
110474
111172
111952
113361
113809
116104
117144
118191
118657
119901
123407
128197
130507
131720
132477
134020
134999
93720
111447
118482
120012
129197
118016
118132
118378
119891
120388
125926
126910
127781
128623
130422
131317
132693
133737
134978
135954
136557
137286
138385
139628
140740
142145
143135
145472
146635
147854
149891
150798
151939
153192
154438
155338
156878
158315
159552
160990
161944
162854
164017
165078
166031
167157
168124
169042
243248
241656
39922
39972
40011
40036
40447
40961
41013
41149
41222
41330
41440
41802
41913
42038
42359
42520
42733
42896
64233
64586
64858
65312
67388
67856
68334
68638
68976
69388
69913
70187
70537
70891
71187
71525
71845
72414
72810
73188
73503
74287
74788
75702
75794
76207
76468
76827
77142
77457
77830
78175
78449
78795
79159
79433
79871
80388
80850
40681
69607
73786
75197
81997
91541
80456
80457
80458
81008
81186
81218
80459
81230
81263
81835
161115
222808
330198
168882
178378
181421
185686
188898
4906
4969
4978
5025
5220
5225
5353
5550
5642
5601
5954
5956
5963
6207
6273
6224
6511
6515
6519
6831
6834
6838
7265
7270
7276
7690
7694
7699
8156
8158
8173
8502
8515
8519
8968
8988
9273
9344
42528
247980
242308
242577
242479
243685
244906
245754
246281
247700
248770
249261
250604
251937
252828
253750
255034
255730
256914
257504
258162
259465
260354
261063
262041
263523
264333
264643
266379
266790
267917
268852
270368
270456
270504
273094
273418
273433
274909
275601
277707
279019
280269
280663
282919
283229
284443
285636
286097
286931
289262
289675
251164
269322
281269
288798
309549
1291
1340
1341
1498
1507
1573
1639
1807
1669
1865
1866
1867
2008
2028
2030
2196
2197
2113
2208
2444
2446
2447
2643
2646
2655
2656
2874
2875
2876
3287
3429
3223
3431
3638
3639
3643
3644
3646
3649
4009
4010
4020
4021
4022
4023
2880
4167
4955
8642
9118
4647
4672
4719
4721
4724
4725
4726
4607
226194
153
159
391
394
397
658
661
2681
2717
2782
2868
2941
3211
3946
3961
4024
8106
8234
8293
11367
11636
11851
12010
12100
12190
12443
12648
12834
13014
13193
13276
41364
822
828
830
949
950
952
1077
1079
1081
1296
1299
1300
1448
1449
1450
1702
1762
1821
1883
1938
1940
2026
2052
2099
2297
2298
2332
3215
4090
4212
4278
4421
4484
4569
4680
4764
4784
4881
4903
4915
5075
5117
5221
5434
5519
5571
5624
5646
5709
5915
8601
8691
8913
370
9037
9069
9264
9370
9488
9695
9747
9864
10029
10147
10182
10360
10599
10719
334402
334456
335239
336247
337129
337961
338862
339759
340642
341214
342246
344097
345163
345883
346811
342677
342994
343211
343460
347576
348151
348757
572257
572260
573307
574132
574783
576500
577550
577796
578058
578060
579427
580014
580442
593331
594193
595280
596151
596698
598258
598931
599644
599965
601183
602010
602634
603371
604314
605318
606027
606713
607358
608130
609062
610109
610600
611272
612272
612739
613502
614217
614777
615654
616893
617510
618377
618420
14252
14254
14256
14405
14406
14642
14653
17921
18119
23132
39712
39724
40008
40092
40366
40466
40583
40906
41017
41154
41217
41366
41607
41769
41876
42076
42154
42493
42698
42819
44245
64392
64948
65287
67351
67775
68316
68636
68964
69214
69678
69890
70211
70519
70876
71056
71499
71606
72281
72693
73156
73477
73790
83596
114197
74278
224358
325538
325594
326166
326179
325794
327424
327483
331620
332341
333135
334390
334992
336166
336624
336652
338742
339541
340488
341180
341595
340871
404273
376577
376532
378311
379299
380210
380891
381423
382459
383084
384252
384630
385358
385964
386843
387824
388776
389596
390121
391089
391977
393048
393688
394526
395584
396547
427605
427660
428106
428904
429816
431359
431955
433968
435439
436783
439588
440504
442479
444283
445880
446747
447579
450611
455487
460565
461718
462533
464098
464910
465677
466896
468036
468917
468885
470087
470089
471006
471011
471017
472927
473181
473193
476156
476214
476717
476719
526257
476730
476736
160463
160981
160985
160991
161575
161114
161587
164907
165103
165114
169593
169600
169631
171760
171767
171771
176075
177110
177442
177444
177448
179607
179615
182001
183007
179644
179673
179679
185684
186691
187761
188622
188857
188882
190979
191621
191642
191647
193093
193221
193555
194035
194068
196790
197254
198614
199674
200786
201823
202786
204845
205912
206409
207456
208572
209343
210170
211239
212049
212802
214014
215132
216278
217395
218375
219290
219964
221269
221852
222762
223947
224549
225904
226710
227452
229157
229996
230708
232061
232427
232687
233742
234758
235334
236935
237810
238418
239239
240147
240971
242314
243175
243961
245022
245788
246379
247776
248714
249369
250942
265230
265757
265296
268296
269448
270329
270884
271943
272815
274222
274958
275700
276274
277606
278373
279476
280657
281200
281646
528554
528614
528619
528640
528651
528660
528677
528692
528740
528766
529780
529800
536048
529813
531551
531566
533395
534644
534688
534762
535209
536803
536829
538760
539420
546594
542952
542376
542458
547750
547301
548736
548750
550598
551711
552754
558027
553500
553531
612952
6354
6458
6463
6472
6605
6895
6899
6990
7071
7392
7563
7800
7832
7885
8269
8373
8377
8640
8697
8805
8942
9055
9302
9390
9391
9399
9766
9785
9787
10199
10204
10312
10688
10790
10944
11207
11300
11610
11760
11769
11947
12299
12408
12572
12801
12953
13007
13040
13043
13411
13419
482815
7647
8496
10022
13911
29421
40573
41397
313724
316150
326375
334919
633953
14124
215790
477459
477510
478189
479163
480068
481042
494510
481782
482610
484667
484923
485689
495213
486281
487082
487915
488565
482837
484152
484358
484454
488979
495852
489700
490397
491017
491674
492427
496875
493040
493633
498475
499777
497864
500377
503087
501696
503613
512739
163480
164312
165198
165985
166491
167907
171116
171125
168980
169584
171617
172636
174314
175044
175261
176975
177397
178150
179238
179774
181429
181952
182300
183440
184589
185031
185727
252779
73980
74471
74834
74828
75100
75977
76260
76567
76716
76929
77294
77752
77773
77913
77917
78104
78507
78542
79494
79520
80428
80691
81515
81870
80755
82581
82844
83082
83461
83841
84185
84274
84374
84663
85049
85625
85915
86210
86561
87008
87229
87582
87845
88309
88764
89049
89050
89662
89981
90231
90864
91127
91433
92154
92361
92912
240265
247410
326184
404270
282984
282995
283007
283436
284554
285238
286276
287138
288704
289421
290055
291627
292041
293272
293510
293764
294319
295084
295965
296654
297552
298392
301723
113399
113513
113550
116588
117637
118205
118826
119046
120257
126339
127495
128427
129596
131233
131887
132931
134456
135127
135624
136895
137827
138844
140140
140703
141842
143889
144569
144983
145546
147501
148546
150159
151370
152807
154110
155183
156181
157406
211563
266883
165897
169468
174254
177070
179428
180213
104040
104051
104071
104077
105703
106199
106816
107399
107315
108522
108576
109490
110292
110859
110848
111673
112148
113495
114180
116326
116382
118421
119148
120014
121163
126460
127601
128510
129754
131234
131890
132818
134163
135098
135865
136886
137789
138877
140079
141164
142509
144121
144156
144221
144243
146463
247894
168710
97822
97837
98128
98423
98934
99286
99665
100124
100502
100513
101518
102008
102483
103270
103746
104024
104456
104949
105614
106034
106804
107577
108313
108643
109062
109503
110354
110718
111287
111940
112036
113481
115564
116260
117492
118685
119013
120664
121092
126374
127808
146833
148188
283892
347446
525685
128406
228309
555109
553789
553795
553817
559946
561203
562726
563756
565434
566338
566856
568107
571276
574161
574579
577223
578084
578111
579568
579582
580893
593590
594428
595456
596369
572534
573143
576221
576751
597414
77345
77749
77804
78884
79319
79539
80011
82764
83302
83719
83860
86400
86823
87179
87808
88538
88827
89151
78158
78168
80042
82711
84365
84633
85341
85745
89491
89832
90148
91325
92227
92663
93110
93777
80240
80260
80311
81730
82397
85031
86117
90485
90998
94156
94644
94979
95469
95833
80021
87234
88275
91644
93216
93289
96269
96809
97144
372018
416908
369457
369502
372609
374474
375278
376064
376711
377913
378870
379291
380507
381157
381810
382733
383611
384366
384772
385628
386400
387258
388167
389123
389880
390674
391222
392198
393350
394084
394875
395772
396896
397594
398697
399700
400424
401467
402840
404013
404724
405781
406633
407343
408124
408927
409790
410396
429070
396020
410155
415861
469046
471872
526253
411142
411902
483437
539447
70844
71139
71840
72163
72243
73036
73511
73834
75129
75662
75807
76183
76481
76822
77129
77474
77849
78186
78457
78790
79441
79915
80393
80868
81009
81105
81374
81673
81941
82296
82661
82919
83200
83593
83948
84292
84575
84949
85194
85562
86014
86326
86766
87097
87337
87657
88078
88408
88774
89279
89431
89745
90112
74296
74717
79048
90384
224543
7398
7581
7724
7772
8015
8094
8386
8445
8590
8729
8924
8975
9141
9293
9410
9492
9688
9707
9895
9938
10085
10098
10386
10534
10742
10755
10978
10994
11324
11465
11643
11940
12230
12388
12512
12521
12819
12991
12996
13099
13124
13520
13847
14028
14194
14381
17846
17862
87289
14553
14384
82337
82255
82697
82848
83277
83598
84054
84351
84652
85018
85302
86193
85730
86375
86817
87129
87399
87787
88259
88606
88833
89078
89480
89848
90171
90508
90957
91312
91729
92266
92587
93062
93185
93405
93757
94178
94631
94941
95533
95818
96289
96895
97219
97682
98141
98571
98985
99298
99775
100141
100716
101256
101624
101997
235720
87104
87111
87628
88060
88761
89251
89417
89739
90109
90394
90855
91289
91550
92151
93014
93251
93396
93711
94064
94479
94926
95209
95715
96103
96623
97030
97463
97876
98440
98855
99108
99553
100068
100576
100942
101397
101719
102281
102893
103426
103724
104277
104273
105338
105359
105980
106490
107209
107485
108227
108964
109335
109904
110488
110697
111522
111686
113370
113692
115582
117149
117924
117939
119902
120320
120928
123494
128211
128978
130518
92382
141374
234251
234258
234502
235167
235220
237188
237837
238398
239184
239218
240142
240765
242278
242881
243171
243950
245021
245315
245728
246360
247767
248177
248732
249365
250948
251237
251922
252932
254177
254197
255033
255735
256890
257193
257516
258202
259484
259802
260253
261137
262358
237272
263472
320943
91427
91793
92378
92215
93246
93359
94075
94427
94470
95223
95244
95844
95868
95883
97477
97866
98312
98872
99092
99505
99523
100554
100569
101172
101436
102166
102888
103433
103717
104259
104747
105401
105974
106476
107183
107422
107447
107477
109331
109874
110474
111172
111952
113361
113809
116104
117144
118191
118657
119901
123407
128197
130507
131720
132477
134020
134999
93720
111447
118482
120012
129197
118016
118132
118378
119891
120388
125926
126910
127781
128623
130422
131317
132693
133737
134978
135954
136557
137286
138385
139628
140740
142145
143135
145472
146635
147854
149891
150798
151939
153192
154438
155338
156878
158315
159552
160990
161944
162854
164017
165078
166031
167157
168124
169042
243248
241656
39922
39972
40011
40036
40447
40961
41013
41149
41222
41330
41440
41802
41913
42038
42359
42520
42733
42896
64233
64586
64858
65312
67388
67856
68334
68638
68976
69388
69913
70187
70537
70891
71187
71525
71845
72414
72810
73188
73503
74287
74788
75702
75794
76207
76468
76827
77142
77457
77830
78175
78449
78795
79159
79433
79871
80388
80850
40681
69607
73786
75197
81997
91541
80456
80457
80458
81008
81186
81218
80459
81230
81263
81835
161115
222808
330198
168882
178378
181421
185686
188898
4906
4969
4978
5025
5220
5225
5353
5550
5642
5601
5954
5956
5963
6207
6273
6224
6511
6515
6519
6831
6834
6838
7265
7270
7276
7690
7694
7699
8156
8158
8173
8502
8515
8519
8968
8988
9273
9344
42528
247980
242308
242577
242479
243685
244906
245754
246281
247700
248770
249261
250604
251937
252828
253750
255034
255730
256914
257504
258162
259465
260354
261063
262041
263523
264333
264643
266379
266790
267917
268852
270368
270456
270504
273094
273418
273433
274909
275601
277707
279019
280269
280663
282919
283229
284443
285636
286097
286931
289262
289675
251164
269322
281269
288798
309549
1291
1340
1341
1498
1507
1573
1639
1807
1669
1865
1866
1867
2008
2028
2030
2196
2197
2113
2208
2444
2446
2447
2643
2646
2655
2656
2874
2875
2876
3287
3429
3223
3431
3638
3639
3643
3644
3646
3649
4009
4010
4020
4021
4022
4023
2880
4167
4955
8642
9118
4647
4672
4719
4721
4724
4725
4726
4607
226194
153
159
391
394
397
658
661
2681
2717
2782
2868
2941
3211
3946
3961
4024
8106
8234
8293
11367
11636
11851
12010
12100
12190
12443
12648
12834
13014
13193
13276
41364
822
828
830
949
950
952
1077
1079
1081
1296
1299
1300
1448
1449
1450
1702
1762
1821
1883
1938
1940
2026
2052
2099
2297
2298
2332
3215
4090
4212
4278
4421
4484
4569
4680
4764
4784
4881
4903
4915
5075
5117
5221
5434
5519
5571
5624
5646
5709
5915
8601
8691
8913
370
9037
9069
9264
9370
9488
9695
9747
9864
10029
10147
10182
10360
10599
10719
334402
334456
335239
336247
337129
337961
338862
339759
340642
341214
342246
344097
345163
345883
346811
342677
342994
343211
343460
347576
348151
348757
572257
572260
573307
574132
574783
576500
577550
577796
578058
578060
579427
580014
580442
593331
594193
595280
596151
596698
598258
598931
599644
599965
601183
602010
602634
603371
604314
605318
606027
606713
607358
608130
609062
610109
610600
611272
612272
612739
613502
614217
614777
615654
616893
617510
618377
618420
14252
14254
14256
14405
14406
14642
14653
17921
18119
23132
39712
39724
40008
40092
40366
40466
40583
40906
41017
41154
41217
41366
41607
41769
41876
42076
42154
42493
42698
42819
44245
64392
64948
65287
67351
67775
68316
68636
68964
69214
69678
69890
70211
70519
70876
71056
71499
71606
72281
72693
73156
73477
73790
83596
114197
74278
224358
325538
325594
326166
326179
325794
327424
327483
331620
332341
333135
334390
334992
336166
336624
336652
338742
339541
340488
341180
341595
340871
404273
376577
376532
378311
379299
380210
380891
381423
382459
383084
384252
384630
385358
385964
386843
387824
388776
389596
390121
391089
391977
393048
393688
394526
395584
396547
427605
427660
428106
428904
429816
431359
431955
433968
435439
436783
439588
440504
442479
444283
445880
446747
447579
450611
455487
460565
461718
462533
464098
464910
465677
466896
468036
468917
468885
470087
470089
471006
471011
471017
472927
473181
473193
476156
476214
476717
476719
526257
476730
476736
160463
160981
160985
160991
161575
161114
161587
164907
165103
165114
169593
169600
169631
171760
171767
171771
176075
177110
177442
177444
177448
179607
179615
182001
183007
179644
179673
179679
185684
186691
187761
188622
188857
188882
190979
191621
191642
191647
193093
193221
193555
194035
194068
196790
197254
198614
199674
200786
201823
202786
204845
205912
206409
207456
208572
209343
210170
211239
212049
212802
214014
215132
216278
217395
218375
219290
219964
221269
221852
222762
223947
224549
225904
226710
227452
229157
229996
230708
232061
232427
232687
233742
234758
235334
236935
237810
238418
239239
240147
240971
242314
243175
243961
245022
245788
246379
247776
248714
249369
250942
265230
265757
265296
268296
269448
270329
270884
271943
272815
274222
274958
275700
276274
277606
278373
279476
280657
281200
281646
528554
528614
528619
528640
528651
528660
528677
528692
528740
528766
529780
529800
536048
529813
531551
531566
533395
534644
534688
534762
535209
536803
536829
538760
539420
546594
542952
542376
542458
547750
547301
548736
548750
550598
551711
552754
558027
553500
553531
612952
6354
6458
6463
6472
6605
6895
6899
6990
7071
7392
7563
7800
7832
7885
8269
8373
8377
8640
8697
8805
8942
9055
9302
9390
9391
9399
9766
9785
9787
10199
10204
10312
10688
10790
10944
11207
11300
11610
11760
11769
11947
12299
12408
12572
12801
12953
13007
13040
13043
13411
13419
482815
7647
8496
10022
13911
29421
40573
41397
313724
316150
326375
334919
633953
14124
215790
477459
477510
478189
479163
480068
481042
494510
481782
482610
484667
484923
485689
495213
486281
487082
487915
488565
482837
484152
484358
484454
488979
495852
489700
490397
491017
491674
492427
496875
493040
493633
498475
499777
497864
500377
503087
501696
503613
512739
82844
606713
4167
94941
140140
401467
578060
341595
576500
41330
93062
573307
104051
177448
225904
8496
4020
92912
528740
182001
272815
118421
8729
82581
2447
127495
275700
65287
74278
102483
76468
339759
93014
3649
111673
481782
107577
529780
74788
156181
404273
334402
198614
81941
661
8156
109490
411902
243248
374474
169042
75129
563756
117924
118016
253750
11610
390121
177397
41013
568107
18119
3287
320943
165985
118482
136886
93251
6224
155338
87657
119013
13007
138877
384366
118685
242479
94075
11947
95209
131234
382733
125926
83082
130518
596151
12572
3431
528619
95818
95833
282995
106476
81730
104077
87628
103270
40906
98128
594428
223947
83593
633953
81263
340871
241656
5225
375278
539447
266790
242881
232061
574132
580014
40681
232427
465677
120012
489700
597414
2113
78175
86014
41440
415861
294319
3639
258202
5353
245754
7276
128406
86766
178150
78542
185684
392198
88538
151939
237272
404724
117637
550598
135127
175261
12521
327483
100576
428904
291627
536048
11851
73156
188898
608130
431955
11940
133737
245315
144569
574783
574161
102893
599644
188857
41017
4719
185727
146833
252932
217395
389123
378870
86375
313724
67775
165114
289262
593331
1081
80457
71187
8691
168980
146463
88078
171767
10994
400424
553817
8805
147854
334992
4024
113481
86117
89279
7724
8015
2868
404013
235167
229996
88309
234251
10790
146635
5571
81230
108522
594193
17921
4978
10534
335239
40008
4672
1300
78158
8913
13043
104747
7398
12388
97822
89745
251922
3961
326184
190979
78795
184589
76260
92151
197254
143135
546594
595280
617510
8924
244906
348151
293272
14256
265757
44245
376532
129754
83860
5954
95469
610600
108576
104024
75197
1340
96809
78449
476214
10599
80850
601183
395584
531551
242577
612272
259802
369457
99108
484923
90855
490397
9055
120320
7270
120928
221852
166491
379291
77773
111172
116326
284443
334456
39972
243961
98571
92154
41217
274958
566856
9344
1938
219964
7772
3429
119902
11207
79494
338742
389880
76207
370
226710
95868
109331
109503
9688
126374
4881
73188
105401
79871
284554
40466
276274
222762
595456
2941
4906
576751
468917
126910
9399
2297
14028
100068
81008
160463
8106
117144
218375
77142
155183
91312
88761
84633
5646
134020
2444
69678
181952
84652
8445
85302
207456
69913
98855
68636
106490
4721
128427
81218
171617
384252
442479
90231
494510
82764
525685
12991
277707
84365
287138
113495
495213
406633
6895
96269
445880
347576
250604
260354
64233
9141
2332
103426
120664
278373
243685
80755
89832
91793
99505
952
325594
161115
117939
193555
14254
235334
500377
4647
135624
84949
194068
289675
9264
83302
167157
429070
162854
93246
74828
91427
260253
7694
1498
120388
100124
476736
229157
100554
1449
603371
561203
107399
209343
219290
9293
6899
462533
110718
76183
104071
78186
243175
338862
6458
2026
90998
88827
81997
126460
80240
68976
279019
10719
12408
191647
137827
127781
243171
548736
247767
238418
161575
274909
71499
256914
90112
73477
1077
528677
81105
381810
478189
10022
205912
488565
3646
105614
84663
111940
13014
110859
215132
131890
382459
5915
90864
77457
90171
116260
464910
5025
106034
108643
2643
96289
2197
471011
536829
98312
94979
331620
393688
372018
101719
8158
113550
2880
599965
14252
77749
503613
6834
167907
240765
76481
538760
404270
89417
82296
23132
116104
281269
86193
8975
9069
72163
70187
77752
399700
132477
248770
4421
476717
572534
77294
84054
40036
342246
12801
79048
580442
101436
97144
128197
91550
251164
3644
486281
273418
1865
380891
107209
4022
86210
80011
76929
6990
82661
129596
123494
91644
578111
107477
598258
234758
99298
433968
411142
6515
86561
80456
5434
342677
11636
82397
565434
9864
109335
348757
71840
4725
262041
72693
259484
179238
112036
95883
239184
553500
94470
93757
270504
325794
593590
42733
177442
326375
88764
3643
279476
201823
485689
386843
388167
237810
14653
89491
528692
93396
141164
92361
98141
106199
345163
602634
168882
115582
116588
613502
95715
470089
551711
97837
237837
166031
118378
93110
71845
82919
440504
2656
81870
240142
196790
10742
165078
40583
281200
369502
394875
822
119891
9707
153
7392
72281
87229
77917
67388
384772
460565
10360
79433
107183
496875
12512
135865
6472
85562
86400
383084
395772
113692
402840
1299
579568
94178
224358
10098
83719
117149
8988
171760
140740
84351
109904
77849
118205
336166
81835
71139
157406
255033
488979
71525
1291
90508
393048
226194
396896
98423
70211
4784
42493
41607
97030
5642
83596
69214
326179
380210
83461
211239
75100
93720
78884
477510
8377
130507
1639
40092
129197
76827
128211
498475
73980
242278
87111
41769
258162
121163
78790
175044
528640
10755
106804
85745
128978
526253
5220
254197
39922
107447
41149
179428
42038
84575
8502
96623
75977
80021
77345
5963
529800
87808
41366
301723
7832
42698
492427
9766
247776
482837
69890
70519
80260
484152
605318
9273
70891
174314
381423
256890
476730
117492
536803
76716
471017
383611
179673
468036
14553
90384
180213
168710
86823
282984
7690
285636
83948
171125
152807
68334
559946
9488
69388
251237
4484
334390
466896
97219
2298
4726
5519
389596
176075
8094
274222
493040
614777
618377
610109
407343
614217
188882
552754
429816
483437
578084
12010
7699
83841
202786
247894
346811
13099
78457
144121
295084
2655
169593
436783
80388
150798
127601
7563
13124
93711
239239
242308
105359
11465
261137
2008
949
618420
270884
4969
476719
169600
191621
13411
1079
93405
397
295965
100569
224543
110354
118191
7581
5550
4915
111447
99523
81673
604314
97477
102888
9390
177110
236935
174254
69607
136895
257193
268852
234502
337129
10147
134456
8590
579427
8269
6354
339541
289421
248732
73503
108964
42819
246379
144156
2681
269448
296654
578058
288798
577796
572257
41802
497864
134978
93185
210170
137286
11324
84374
91127
134999
1762
572260
266379
12996
242314
107485
528614
553789
107315
233742
487915
109874
245728
179607
2446
390674
2717
132693
270456
3215
283229
493633
141842
101518
255034
113399
114180
341214
82255
325538
4724
2874
327424
8373
491674
89049
398697
100141
596369
286931
199674
72243
282919
88774
94427
596698
77830
154438
232687
1296
161944
408927
275601
75702
92266
176975
99092
85915
118132
97463
42896
491017
615654
237188
347446
113809
3946
91325
87097
9785
13911
70876
111522
13419
171771
5956
264643
528660
609062
80458
240147
273433
2208
261063
12443
283436
247410
159
269322
85194
87582
8640
113370
131317
40447
468885
528554
148188
571276
7071
548750
4090
391977
118657
248177
82848
6463
290055
68964
252779
658
87104
343211
387824
6519
4764
12190
529813
178378
88259
11367
87179
85625
9037
450611
85049
118826
396020
92215
2646
11643
103724
447579
181421
132818
110488
41397
64586
183007
91433
574579
94064
177444
74834
137789
97682
4023
91729
10978
394526
1507
408124
606027
141374
3638
283892
427660
164312
268296
77804
336247
14405
214014
612952
79915
427605
80428
263523
42154
4955
148546
77913
381157
79441
12819
40961
410155
89251
257504
98872
470087
464098
111952
41876
8519
83277
161114
187761
4021
13040
73790
169631
316150
7885
378311
435439
92378
280657
193221
388776
240265
144221
185031
265296
5221
160990
499777
345883
246281
68316
140079
534688
88833
17846
2052
484667
8968
208572
332341
109062
12230
73511
386400
87399
89662
4680
113361
8697
79159
341180
222808
1807
183440
9492
127808
99665
70537
264333
431359
92663
265230
11300
3211
6605
612739
482610
116382
168124
42076
73834
81009
4009
1702
254177
9391
120257
200786
110292
76822
79319
142509
153192
334919
526257
142145
479163
539420
385628
343460
1883
6511
95244
81374
39724
87787
64392
100716
1669
172636
14124
380507
64858
405781
333135
5601
179774
1867
90148
397594
81515
191642
277606
42528
2782
528766
40573
9370
243950
385358
542458
111686
4010
558027
108227
154110
65312
257516
96103
376711
89078
547750
484454
113513
255735
298392
495852
91289
577550
616893
428106
273094
95844
143889
88275
115564
94479
119148
92382
72810
469046
227452
249365
144243
482815
215790
42520
280663
547301
112148
2030
224549
270368
156878
271943
139628
68638
102166
90394
250942
3223
86326
138844
97876
110697
576221
14194
11769
252828
182300
164907
85730
259465
105703
90109
444283
7265
107422
185686
8386
120014
10944
77474
439588
555109
1940
89480
74717
80311
248714
11760
104277
135098
177070
100513
471872
2099
130422
39712
87289
95533
74471
84185
5624
188622
67856
79539
147501
85341
246360
8173
131887
114197
8642
181429
93777
101997
75662
92587
293764
607358
119901
94156
108313
394084
251937
99775
75807
105338
150159
12299
212049
105974
145472
286097
533395
247980
169468
179679
85018
165897
77129
2196
74296
136557
611272
828
99553
542376
598931
228309
573143
102008
79520
10199
76567
2876
235720
8234
73036
86817
553531
99286
326166
240971
40366
391089
14642
134163
6273
270329
534644
72414
950
93289
566338
501696
5075
165103
344097
87845
87337
477459
88606
9410
90485
104259
13520
87008
340642
410396
455487
14384
283007
6207
12648
476156
2875
10182
80691
42359
13276
204845
100502
145546
4607
830
132931
41154
6831
372609
376064
71606
41364
1866
103717
9747
89848
337961
98985
163480
10688
89151
140703
309549
7647
101256
579582
110474
239218
161587
212802
487082
473193
245788
40011
528651
580893
89050
384630
250948
74287
4569
94631
41222
83200
266883
577223
102281
165198
87234
292041
512739
14381
12953
206409
160985
104040
535209
88060
245022
484358
93216
288704
131720
101397
92227
472927
186691
249369
100942
101624
75794
391222
473181
89431
471006
1450
103433
111287
128510
80393
169584
78104
81186
336652
80042
10312
135954
4278
64948
553795
160991
93359
70844
104456
78507
230708
17862
94644
216278
255730
379299
80868
119046
179615
194035
96895
126339
446747
211563
4903
10029
286276
1821
531566
84292
159552
234258
95223
12834
82711
394
104273
164017
297552
101172
103746
5117
387258
9302
8942
4212
416908
377913
13847
247700
280269
9895
8601
330198
340488
82337
409790
9118
73786
263472
149891
285238
110848
393350
87129
534762
71056
245021
179644
29421
8293
98440
89981
83598
480068
104949
9695
78168
238398
84274
562726
171116
13193
342994
8515
158315
90957
193093
82697
2028
80459
1448
461718
10085
267917
121092
14406
106816
105980
128623
138385
10204
391
88408
123407
293510
98934
10386
249261
385964
131233
281646
221269
94926
602010
6838
97866
41913
542952
1341
160981
481042
7800
91541
67351
9938
144983
85031
376577
396547
12100
262358
1573
235220
336624
89739
151370
9787
5709
503087
41115
376
5998
6024
6190
6274
6366
6430
6578
6586
6681
6840
6925
7144
7326
7423
7649
7757
7954
8553
14002
14193
14349
14574
14853
16938
17874
18126
22892
39727
39929
40063
41179
308
311
316
382
385
388
2504
2565
2625
156
3261
3361
3614
3744
3909
10801
10972
11307
13471
13665
13816
379
40617
40765
41257
654
3944
8480
40221
40403
40456
2771
41595
251930
166698
172690
192789
252937
254190
255037
255697
256866
257513
258207
259489
260184
82844
606713
4167
94941
140140
401467
578060
341595
576500
41330
93062
573307
104051
177448
225904
8496
4020
92912
528740
182001
272815
118421
8729
82581
2447
127495
275700
65287
74278
102483
76468
339759
93014
3649
111673
481782
107577
529780
74788
156181
404273
334402
198614
81941
661
8156
109490
411902
243248
374474
169042
75129
563756
117924
118016
253750
11610
390121
177397
41013
568107
18119
3287
320943
165985
118482
136886
93251
6224
155338
87657
119013
13007
138877
384366
118685
242479
94075
11947
95209
131234
382733
125926
83082
130518
596151
12572
3431
528619
95818
95833
282995
106476
81730
104077
87628
103270
40906
98128
594428
223947
83593
633953
81263
340871
241656
5225
375278
539447
266790
242881
232061
574132
580014
40681
232427
465677
120012
489700
597414
2113
78175
86014
41440
415861
294319
3639
258202
5353
245754
7276
128406
86766
178150
78542
185684
392198
88538
151939
237272
404724
117637
550598
135127
175261
12521
327483
100576
428904
291627
536048
11851
73156
188898
608130
431955
11940
133737
245315
144569
574783
574161
102893
599644
188857
41017
4719
185727
146833
252932
217395
389123
378870
86375
313724
67775
165114
289262
593331
1081
80457
71187
8691
168980
146463
88078
171767
10994
400424
553817
8805
147854
334992
4024
113481
86117
89279
7724
8015
2868
404013
235167
229996
88309
234251
10790
146635
5571
81230
108522
594193
17921
4978
10534
335239
40008
4672
1300
78158
8913
13043
104747
7398
12388
97822
89745
251922
3961
326184
190979
78795
184589
76260
92151
197254
143135
546594
595280
617510
8924
244906
348151
293272
14256
265757
44245
376532
129754
83860
5954
95469
610600
108576
104024
75197
1340
96809
78449
476214
10599
80850
601183
395584
531551
242577
612272
259802
369457
99108
484923
90855
490397
9055
120320
7270
120928
221852
166491
379291
77773
111172
116326
284443
334456
39972
243961
98571
92154
41217
274958
566856
9344
1938
219964
7772
3429
119902
11207
79494
338742
389880
76207
370
226710
95868
109331
109503
9688
126374
4881
73188
105401
79871
284554
40466
276274
222762
595456
2941
4906
576751
468917
126910
9399
2297
14028
100068
81008
160463
8106
117144
218375
77142
155183
91312
88761
84633
5646
134020
2444
69678
181952
84652
8445
85302
207456
69913
98855
68636
106490
4721
128427
81218
171617
384252
442479
90231
494510
82764
525685
12991
277707
84365
287138
113495
495213
406633
6895
96269
445880
347576
250604
260354
64233
9141
2332
103426
120664
278373
243685
80755
89832
91793
99505
952
325594
161115
117939
193555
14254
235334
500377
4647
135624
84949
194068
289675
9264
83302
167157
429070
162854
93246
74828
91427
260253
7694
1498
120388
100124
476736
229157
100554
1449
603371
561203
107399
209343
219290
9293
6899
462533
110718
76183
104071
78186
243175
338862
6458
2026
90998
88827
81997
126460
80240
68976
279019
10719
12408
191647
137827
127781
243171
548736
247767
238418
161575
274909
71499
256914
90112
73477
1077
528677
81105
381810
478189
10022
205912
488565
3646
105614
84663
111940
13014
110859
215132
131890
382459
5915
90864
77457
90171
116260
464910
5025
106034
108643
2643
96289
2197
471011
536829
98312
94979
331620
393688
372018
101719
8158
113550
2880
599965
14252
77749
503613
6834
167907
240765
76481
538760
404270
89417
82296
23132
116104
281269
86193
8975
9069
72163
70187
77752
399700
132477
248770
4421
476717
572534
77294
84054
40036
342246
12801
79048
580442
101436
97144
128197
91550
251164
3644
486281
273418
1865
380891
107209
4022
86210
80011
76929
6990
82661
129596
123494
91644
578111
107477
598258
234758
99298
433968
411142
6515
86561
80456
5434
342677
11636
82397
565434
9864
109335
348757
71840
4725
262041
72693
259484
179238
112036
95883
239184
553500
94470
93757
270504
325794
593590
42733
177442
326375
88764
3643
279476
201823
485689
386843
388167
237810
14653
89491
528692
93396
141164
92361
98141
106199
345163
602634
168882
115582
116588
613502
95715
470089
551711
97837
237837
166031
118378
93110
71845
82919
440504
2656
81870
240142
196790
10742
165078
40583
281200
369502
394875
822
119891
9707
153
7392
72281
87229
77917
67388
384772
460565
10360
79433
107183
496875
12512
135865
6472
85562
86400
383084
395772
113692
402840
1299
579568
94178
224358
10098
83719
117149
8988
171760
140740
84351
109904
77849
118205
336166
81835
71139
157406
255033
488979
71525
1291
90508
393048
226194
396896
98423
70211
4784
42493
41607
97030
5642
83596
69214
326179
380210
83461
211239
75100
93720
78884
477510
8377
130507
1639
40092
129197
76827
128211
498475
73980
242278
87111
41769
258162
121163
78790
175044
528640
10755
106804
85745
128978
526253
5220
254197
39922
107447
41149
179428
42038
84575
8502
96623
75977
80021
77345
5963
529800
87808
41366
301723
7832
42698
492427
9766
247776
482837
69890
70519
80260
484152
605318
9273
70891
174314
381423
256890
476730
117492
536803
76716
471017
383611
179673
468036
14553
90384
180213
168710
86823
282984
7690
285636
83948
171125
152807
68334
559946
9488
69388
251237
4484
334390
466896
97219
2298
4726
5519
389596
176075
8094
274222
493040
614777
618377
610109
407343
614217
188882
552754
429816
483437
578084
12010
7699
83841
202786
247894
346811
13099
78457
144121
295084
2655
169593
436783
80388
150798
127601
7563
13124
93711
239239
242308
105359
11465
261137
2008
949
618420
270884
4969
476719
169600
191621
13411
1079
93405
397
295965
100569
224543
110354
118191
7581
5550
4915
111447
99523
81673
604314
97477
102888
9390
177110
236935
174254
69607
136895
257193
268852
234502
337129
10147
134456
8590
579427
8269
6354
339541
289421
248732
73503
108964
42819
246379
144156
2681
269448
296654
578058
288798
577796
572257
41802
497864
134978
93185
210170
137286
11324
84374
91127
134999
1762
572260
266379
12996
242314
107485
528614
553789
107315
233742
487915
109874
245728
179607
2446
390674
2717
132693
270456
3215
283229
493633
141842
101518
255034
113399
114180
341214
82255
325538
4724
2874
327424
8373
491674
89049
398697
100141
596369
286931
199674
72243
282919
88774
94427
596698
77830
154438
232687
1296
161944
408927
275601
75702
92266
176975
99092
85915
118132
97463
42896
491017
615654
237188
347446
113809
3946
91325
87097
9785
13911
70876
111522
13419
171771
5956
264643
528660
609062
80458
240147
273433
2208
261063
12443
283436
247410
159
269322
85194
87582
8640
113370
131317
40447
468885
528554
148188
571276
7071
548750
4090
391977
118657
248177
82848
6463
290055
68964
252779
658
87104
343211
387824
6519
4764
12190
529813
178378
88259
11367
87179
85625
9037
450611
85049
118826
396020
92215
2646
11643
103724
447579
181421
132818
110488
41397
64586
183007
91433
574579
94064
177444
74834
137789
97682
4023
91729
10978
394526
1507
408124
606027
141374
3638
283892
427660
164312
268296
77804
336247
14405
214014
612952
79915
427605
80428
263523
42154
4955
148546
77913
381157
79441
12819
40961
410155
89251
257504
98872
470087
464098
111952
41876
8519
83277
161114
187761
4021
13040
73790
169631
316150
7885
378311
435439
92378
280657
193221
388776
240265
144221
185031
265296
5221
160990
499777
345883
246281
68316
140079
534688
88833
17846
2052
484667
8968
208572
332341
109062
12230
73511
386400
87399
89662
4680
113361
8697
79159
341180
222808
1807
183440
9492
127808
99665
70537
264333
431359
92663
265230
11300
3211
6605
612739
482610
116382
168124
42076
73834
81009
4009
1702
254177
9391
120257
200786
110292
76822
79319
142509
153192
334919
526257
142145
479163
539420
385628
343460
1883
6511
95244
81374
39724
87787
64392
100716
1669
172636
14124
380507
64858
405781
333135
5601
179774
1867
90148
397594
81515
191642
277606
42528
2782
528766
40573
9370
243950
385358
542458
111686
4010
558027
108227
154110
65312
257516
96103
376711
89078
547750
484454
113513
255735
298392
495852
91289
577550
616893
428106
273094
95844
143889
88275
115564
94479
119148
92382
72810
469046
227452
249365
144243
482815
215790
42520
280663
547301
112148
2030
224549
270368
156878
271943
139628
68638
102166
90394
250942
3223
86326
138844
97876
110697
576221
14194
11769
252828
182300
164907
85730
259465
105703
90109
444283
7265
107422
185686
8386
120014
10944
77474
439588
555109
1940
89480
74717
80311
248714
11760
104277
135098
177070
100513
471872
2099
130422
39712
87289
95533
74471
84185
5624
188622
67856
79539
147501
85341
246360
8173
131887
114197
8642
181429
93777
101997
75662
92587
293764
607358
119901
94156
108313
394084
251937
99775
75807
105338
150159
12299
212049
105974
145472
286097
533395
247980
169468
179679
85018
165897
77129
2196
74296
136557
611272
828
99553
542376
598931
228309
573143
102008
79520
10199
76567
2876
235720
8234
73036
86817
553531
99286
326166
240971
40366
391089
14642
134163
6273
270329
534644
72414
950
93289
566338
501696
5075
165103
344097
87845
87337
477459
88606
9410
90485
104259
13520
87008
340642
410396
455487
14384
283007
6207
12648
476156
2875
10182
80691
42359
13276
204845
100502
145546
4607
830
132931
41154
6831
372609
376064
71606
41364
1866
103717
9747
89848
337961
98985
163480
10688
89151
140703
309549
7647
101256
579582
110474
239218
161587
212802
487082
473193
245788
40011
528651
580893
89050
384630
250948
74287
4569
94631
41222
83200
266883
577223
102281
165198
87234
292041
512739
14381
12953
206409
160985
104040
535209
88060
245022
484358
93216
288704
131720
101397
92227
472927
186691
249369
100942
101624
75794
391222
473181
89431
471006
1450
103433
111287
128510
80393
169584
78104
81186
336652
80042
10312
135954
4278
64948
553795
160991
93359
70844
104456
78507
230708
17862
94644
216278
255730
379299
80868
119046
179615
194035
96895
126339
446747
211563
4903
10029
286276
1821
531566
84292
159552
234258
95223
12834
82711
394
104273
164017
297552
101172
103746
5117
387258
9302
8942
4212
416908
377913
13847
247700
280269
9895
8601
330198
340488
82337
409790
9118
73786
263472
149891
285238
110848
393350
87129
534762
71056
245021
179644
29421
8293
98440
89981
83598
480068
104949
9695
78168
238398
84274
562726
171116
13193
342994
8515
158315
90957
193093
82697
2028
80459
1448
461718
10085
267917
121092
14406
106816
105980
128623
138385
10204
391
88408
123407
293510
98934
10386
249261
385964
131233
281646
221269
94926
602010
6838
97866
41913
542952
1341
160981
481042
7800
91541
67351
9938
144983
85031
376577
396547
12100
262358
1573
235220
336624
89739
151370
9787
5709
503087
41115
376
5998
6024
6190
6274
6366
6430
6578
6586
6681
6840
6925
7144
7326
7423
7649
7757
7954
8553
14002
14193
14349
14574
14853
16938
17874
18126
22892
39727
39929
40063
41179
308
311
316
382
385
388
2504
2565
2625
156
3261
3361
3614
3744
3909
10801
10972
11307
13471
13665
13816
379
40617
40765
41257
654
3944
8480
40221
40403
40456
2771
41595
251930
166698
172690
192789
252937
254190
255037
255697
256866
257513
258207
259489
260184
